0 0
1 1
2 2
3 3
4 4
5 5
6 6
7 7
8 8
9 9
10 10
11 19
12 153
13 75
14 106
15 24
16 8
17 9
18 10
19 19
20 19
21 19
22 19
23 153
24 153
25 19
26 19
27 19
28 75
29 75
30 19
31 19
32 19
33 24
34 24
35 19
36 19
37 19
38 19
39 106
40 106
41 153
42 153
43 75
44 75
45 24
46 19
47 106
48 106
49 19
50 153
51 153
52 14
53 16
54 14
55 12
56 11
57 14
58 12
59 11
60 11
61 14
62 11
63 11
64 11
65 12
66 12
67 12
68 12
69 11
70 12
71 12
72 12
73 12
74 12
75 11
76 11
77 11
78 11
79 14
80 14
81 11
82 12
83 12
84 12
85 12
86 12
87 11
88 12
89 12
90 12
91 12
92 12
93 11
94 11
95 11
96 11
97 14
98 11
99 11
100 11
101 12
102 11
103 11
104 11
105 11
106 11
107 12
108 11
109 11
110 11
111 11
112 11
113 11
114 11
115 14
116 11
117 11
118 12
119 12
120 12
121 12
122 12
123 11
124 11
125 12
126 11
127 11
128 11
129 11
130 11
131 11
132 11
133 14
134 11
135 11
136 11
137 12
138 11
139 11
140 11
141 11
142 11
143 12
144 11
145 11
146 11
147 11
148 11
149 11
150 11
151 14
152 11
153 11
154 11
155 12
156 11
157 11
158 11
159 11
160 12
161 12
162 12
163 12
164 12
165 11
166 11
167 11
168 11
169 14
170 11
171 11
172 11
173 12
174 11
175 11
176 11
177 11
178 11
179 12
180 11
181 11
182 11
183 11
184 11
185 11
186 11
187 14
188 11
189 11
190 11
191 12
192 11
193 11
194 11
195 11
196 12
197 12
198 12
199 12
200 12
201 11
202 11
203 11
204 11
205 14
206 11
207 11
208 12
209 12
210 12
211 12
212 12
213 11
214 12
215 12
216 12
217 12
218 12
219 11
220 11
221 11
222 11
223 14
224 11
225 11
226 12
227 12
228 12
229 12
230 12
231 11
232 12
233 12
234 12
235 12
236 12
237 11
238 11
239 11
240 11
241 14
242 11
243 11
244 11
245 12
246 12
247 12
248 12
249 11
250 12
251 12
252 12
253 12
254 12
255 11
256 14
257 14
258 14
259 14
260 14
261 14
262 12
263 12
264 12
265 12
266 12
267 14
268 12
269 12
270 12
271 12
272 12
273 14
274 14
275 14
276 14
277 14
278 14
279 14
280 14
281 12
282 12
283 12
284 12
285 14
286 14
287 12
288 14
289 14
290 14
291 14
292 14
293 14
294 14
295 14
296 14
297 14
298 14
299 12
300 14
301 14
302 14
303 14
304 14
305 12
306 14
307 14
308 14
309 14
310 14
311 14
312 14
313 14
314 14
315 14
316 12
317 12
318 12
319 12
320 12
321 14
322 14
323 12
324 14
325 14
326 14
327 14
328 14
329 14
330 14
331 14
332 14
333 14
334 12
335 12
336 12
337 12
338 12
339 14
340 14
341 12
342 12
343 12
344 12
345 14
346 14
347 14
348 14
349 14
350 14
351 19
352 19
353 106
354 106
355 19
356 16
357 19
358 15
359 17
360 19
361 16
362 19
363 15
364 13
365 19
366 19
367 19
368 19
369 19
370 19
371 19
372 12
373 12
374 19
375 19
376 12
377 12
378 15
379 15
380 15
381 15
382 15
383 15
384 15
385 15
386 17
387 17
388 19
389 19
390 17
391 16
392 16
393 15
394 16
395 16
396 16
397 16
398 16
399 16
400 17
401 16
402 16
403 15
404 16
405 16
406 16
407 16
408 16
409 16
410 16
411 17
412 16
413 15
414 16
415 16
416 16
417 17
418 16
419 16
420 15
421 16
422 16
423 16
424 16
425 16
426 16
427 17
428 16
429 16
430 15
431 16
432 16
433 16
434 16
435 16
436 16
437 16
438 17
439 16
440 15
441 16
442 16
443 16
444 17
445 17
446 17
447 17
448 19
449 19
450 17
451 18
452 18
453 15
454 18
455 18
456 18
457 18
458 18
459 18
460 17
461 18
462 18
463 15
464 18
465 18
466 18
467 18
468 18
469 18
470 18
471 17
472 18
473 15
474 18
475 18
476 18
477 17
478 16
479 16
480 15
481 16
482 16
483 16
484 16
485 16
486 16
487 17
488 16
489 16
490 15
491 16
492 16
493 16
494 16
495 16
496 16
497 16
498 17
499 16
500 15
501 16
502 16
503 16
504 17
505 17
506 17
507 17
508 19
509 19
510 17
511 18
512 18
513 15
514 18
515 18
516 18
517 16
518 16
519 18
520 17
521 18
522 18
523 15
524 18
525 18
526 18
527 18
528 18
529 18
530 18
531 17
532 18
533 15
534 18
535 18
536 18
537 17
538 16
539 16
540 15
541 16
542 16
543 16
544 16
545 16
546 16
547 17
548 16
549 16
550 15
551 16
552 16
553 16
554 16
555 16
556 16
557 16
558 17
559 16
560 15
561 16
562 16
563 16
564 17
565 17
566 17
567 17
568 19
569 19
570 17
571 18
572 18
573 15
574 18
575 18
576 18
577 18
578 18
579 18
580 17
581 18
582 18
583 15
584 18
585 18
586 18
587 16
588 16
589 18
590 18
591 17
592 18
593 15
594 18
595 18
596 18
597 17
598 16
599 16
600 15
601 16
602 16
603 16
604 16
605 16
606 16
607 17
608 16
609 16
610 15
611 16
612 16
613 16
614 16
615 16
616 16
617 16
618 17
619 16
620 15
621 16
622 16
623 16
624 17
625 17
626 17
627 17
628 19
629 19
630 17
631 18
632 18
633 15
634 18
635 18
636 18
637 16
638 16
639 18
640 17
641 18
642 18
643 15
644 18
645 18
646 18
647 18
648 18
649 18
650 18
651 17
652 18
653 15
654 18
655 18
656 18
657 17
658 16
659 16
660 15
661 16
662 16
663 16
664 16
665 16
666 16
667 17
668 16
669 16
670 15
671 16
672 16
673 16
674 16
675 16
676 16
677 16
678 17
679 16
680 15
681 16
682 16
683 16
684 17
685 17
686 17
687 17
688 19
689 19
690 17
691 18
692 18
693 15
694 18
695 18
696 18
697 18
698 18
699 18
700 17
701 18
702 18
703 15
704 18
705 18
706 18
707 18
708 18
709 18
710 18
711 17
712 18
713 15
714 18
715 18
716 18
717 17
718 16
719 16
720 15
721 16
722 16
723 16
724 16
725 16
726 16
727 17
728 16
729 16
730 15
731 16
732 16
733 16
734 16
735 16
736 16
737 16
738 17
739 15
740 15
741 15
742 16
743 16
744 17
745 17
746 17
747 17
748 19
749 19
750 17
751 16
752 16
753 15
754 16
755 16
756 16
757 16
758 16
759 16
760 17
761 19
762 19
763 15
764 19
765 19
766 19
767 19
768 19
769 19
770 19
771 17
772 19
773 15
774 19
775 19
776 19
777 17
778 16
779 16
780 15
781 16
782 16
783 16
784 16
785 16
786 16
787 17
788 16
789 16
790 15
791 16
792 16
793 16
794 16
795 16
796 16
797 16
798 17
799 16
800 15
801 16
802 16
803 16
804 17
805 17
806 17
807 17
808 19
809 19
810 75
811 153
812 106
813 19
814 24
815 24
816 16
817 16
818 16
819 19
820 19
821 19
822 75
823 153
824 106
825 19
826 19
827 24
828 20
829 21
830 22
831 23
832 19
833 19
834 75
835 153
836 106
837 19
838 19
839 24
840 19
841 19
842 19
843 19
844 19
845 19
846 19
847 19
848 24
849 19
850 19
851 24
852 24
853 24
854 153
855 19
856 19
857 19
858 38
859 38
860 106
861 19
862 19
863 19
864 75
865 19
866 19
867 19
868 19
869 19
870 19
871 19
872 19
873 19
874 19
875 38
876 19
877 75
878 153
879 106
880 19
881 38
882 24
883 25
884 26
885 27
886 28
887 38
888 38
889 75
890 153
891 106
892 19
893 38
894 24
895 19
896 19
897 19
898 38
899 38
900 38
901 38
902 38
903 24
904 38
905 38
906 38
907 38
908 38
909 153
910 38
911 38
912 38
913 38
914 38
915 106
916 38
917 38
918 38
919 75
920 38
921 38
922 38
923 38
924 38
925 38
926 38
927 38
928 38
929 37
930 38
931 38
932 75
933 153
934 106
935 37
936 38
937 24
938 29
939 30
940 31
941 32
942 38
943 38
944 75
945 153
946 106
947 37
948 38
949 24
950 37
951 37
952 37
953 38
954 38
955 38
956 38
957 38
958 24
959 38
960 38
961 38
962 38
963 38
964 153
965 38
966 38
967 38
968 38
969 38
970 106
971 38
972 38
973 38
974 75
975 38
976 38
977 38
978 38
979 38
980 38
981 38
982 38
983 38
984 37
985 43
986 43
987 75
988 153
989 106
990 37
991 43
992 24
993 33
994 34
995 35
996 36
997 43
998 43
999 75
1000 153
1001 106
1002 37
1003 43
1004 24
1005 37
1006 37
1007 37
1008 43
1009 43
1010 43
1011 43
1012 43
1013 24
1014 43
1015 43
1016 43
1017 43
1018 24
1019 153
1020 43
1021 43
1022 43
1023 43
1024 43
1025 106
1026 43
1027 43
1028 43
1029 75
1030 43
1031 43
1032 43
1033 43
1034 43
1035 43
1036 43
1037 43
1038 43
1039 37
1040 43
1041 43
1042 37
1043 153
1044 106
1045 37
1046 43
1047 24
1048 39
1049 40
1050 41
1051 42
1052 37
1053 37
1054 37
1055 153
1056 106
1057 37
1058 43
1059 24
1060 37
1061 37
1062 153
1063 37
1064 37
1065 37
1066 37
1067 37
1068 37
1069 37
1070 153
1071 153
1072 37
1073 37
1074 37
1075 37
1076 37
1077 37
1078 37
1079 37
1080 37
1081 37
1082 37
1083 24
1084 37
1085 37
1086 37
1087 37
1088 24
1089 153
1090 37
1091 43
1092 37
1093 37
1094 37
1095 106
1096 37
1097 43
1098 43
1099 37
1100 37
1101 37
1102 37
1103 37
1104 37
1105 37
1106 43
1107 43
1108 43
1109 37
1110 43
1111 44
1112 75
1113 153
1114 106
1115 37
1116 43
1117 24
1118 24
1119 43
1120 44
1121 43
1122 44
1123 44
1124 75
1125 153
1126 106
1127 37
1128 43
1129 24
1130 37
1131 37
1132 153
1133 153
1134 198
1135 198
1136 75
1137 75
1138 198
1139 198
1140 153
1141 153
1142 153
1143 153
1144 75
1145 153
1146 153
1147 153
1148 44
1149 44
1150 44
1151 44
1152 44
1153 24
1154 24
1155 24
1156 44
1157 43
1158 43
1159 43
1160 44
1161 44
1162 44
1163 44
1164 44
1165 106
1166 44
1167 43
1168 43
1169 43
1170 43
1171 43
1172 43
1173 43
1174 43
1175 44
1176 43
1177 43
1178 43
1179 43
1180 43
1181 43
1182 43
1183 43
1184 43
1185 44
1186 43
1187 43
1188 43
1189 43
1190 43
1191 43
1192 43
1193 43
1194 43
1195 43
1196 43
1197 43
1198 44
1199 43
1200 43
1201 43
1202 43
1203 43
1204 43
1205 43
1206 43
1207 43
1208 44
1209 43
1210 43
1211 43
1212 43
1213 43
1214 43
1215 43
1216 43
1217 43
1218 44
1219 44
1220 24
1221 44
1222 44
1223 44
1224 44
1225 44
1226 44
1227 44
1228 75
1229 75
1230 75
1231 44
1232 44
1233 44
1234 44
1235 24
1236 44
1237 44
1238 44
1239 44
1240 44
1241 44
1242 44
1243 75
1244 75
1245 75
1246 44
1247 44
1248 44
1249 24
1250 24
1251 24
1252 44
1253 44
1254 44
1255 44
1256 44
1257 44
1258 44
1259 44
1260 44
1261 75
1262 44
1263 44
1264 44
1265 44
1266 44
1267 24
1268 44
1269 44
1270 44
1271 44
1272 44
1273 44
1274 44
1275 44
1276 44
1277 44
1278 75
1279 44
1280 44
1281 44
1282 44
1283 44
1284 44
1285 44
1286 44
1287 44
1288 44
1289 44
1290 44
1291 44
1292 44
1293 44
1294 24
1295 44
1296 44
1297 24
1298 24
1299 24
1300 153
1301 44
1302 43
1303 43
1304 43
1305 43
1306 106
1307 44
1308 43
1309 43
1310 75
1311 44
1312 44
1313 75
1314 75
1315 75
1316 75
1317 44
1318 44
1319 44
1320 37
1321 63
1322 44
1323 75
1324 153
1325 106
1326 37
1327 63
1328 24
1329 45
1330 46
1331 47
1332 48
1333 63
1334 63
1335 75
1336 153
1337 106
1338 37
1339 63
1340 24
1341 37
1342 37
1343 37
1344 63
1345 63
1346 63
1347 63
1348 63
1349 24
1350 63
1351 63
1352 63
1353 63
1354 63
1355 153
1356 63
1357 63
1358 63
1359 63
1360 63
1361 106
1362 63
1363 63
1364 63
1365 75
1366 63
1367 63
1368 63
1369 63
1370 63
1371 63
1372 63
1373 63
1374 63
1375 63
1376 63
1377 63
1378 75
1379 153
1380 106
1381 63
1382 63
1383 24
1384 49
1385 50
1386 51
1387 52
1388 63
1389 63
1390 75
1391 153
1392 106
1393 63
1394 63
1395 24
1396 63
1397 63
1398 153
1399 119
1400 119
1401 119
1402 75
1403 75
1404 119
1405 119
1406 153
1407 198
1408 198
1409 198
1410 75
1411 198
1412 198
1413 198
1414 63
1415 63
1416 63
1417 63
1418 63
1419 24
1420 63
1421 63
1422 63
1423 63
1424 63
1425 153
1426 63
1427 63
1428 63
1429 63
1430 63
1431 106
1432 63
1433 63
1434 63
1435 75
1436 63
1437 63
1438 75
1439 75
1440 75
1441 75
1442 63
1443 63
1444 63
1445 63
1446 63
1447 63
1448 56
1449 153
1450 106
1451 63
1452 63
1453 24
1454 24
1455 54
1456 53
1457 54
1458 57
1459 55
1460 56
1461 153
1462 106
1463 63
1464 63
1465 24
1466 63
1467 63
1468 153
1469 56
1470 56
1471 56
1472 56
1473 56
1474 56
1475 56
1476 153
1477 153
1478 53
1479 53
1480 56
1481 53
1482 53
1483 53
1484 55
1485 55
1486 55
1487 55
1488 55
1489 24
1490 24
1491 24
1492 57
1493 54
1494 54
1495 54
1496 55
1497 55
1498 57
1499 57
1500 57
1501 106
1502 55
1503 63
1504 63
1505 63
1506 54
1507 54
1508 54
1509 53
1510 53
1511 55
1512 54
1513 54
1514 54
1515 53
1516 53
1517 53
1518 54
1519 53
1520 53
1521 55
1522 54
1523 54
1524 54
1525 53
1526 53
1527 53
1528 53
1529 53
1530 53
1531 54
1532 54
1533 54
1534 55
1535 54
1536 54
1537 54
1538 54
1539 54
1540 54
1541 54
1542 54
1543 54
1544 55
1545 54
1546 54
1547 54
1548 54
1549 54
1550 54
1551 54
1552 54
1553 54
1554 55
1555 24
1556 24
1557 24
1558 53
1559 53
1560 53
1561 53
1562 53
1563 55
1564 53
1565 56
1566 53
1567 53
1568 53
1569 55
1570 24
1571 24
1572 24
1573 56
1574 56
1575 53
1576 53
1577 56
1578 55
1579 56
1580 56
1581 56
1582 56
1583 56
1584 55
1585 57
1586 24
1587 57
1588 57
1589 57
1590 57
1591 57
1592 57
1593 55
1594 57
1595 57
1596 57
1597 56
1598 57
1599 57
1600 57
1601 55
1602 57
1603 24
1604 57
1605 57
1606 57
1607 57
1608 57
1609 57
1610 55
1611 57
1612 57
1613 57
1614 56
1615 57
1616 57
1617 57
1618 55
1619 55
1620 55
1621 55
1622 57
1623 57
1624 57
1625 55
1626 55
1627 55
1628 55
1629 55
1630 24
1631 24
1632 24
1633 57
1634 54
1635 54
1636 54
1637 55
1638 55
1639 57
1640 57
1641 57
1642 106
1643 55
1644 63
1645 63
1646 63
1647 54
1648 54
1649 54
1650 53
1651 53
1652 55
1653 53
1654 54
1655 53
1656 53
1657 53
1658 53
1659 54
1660 53
1661 53
1662 55
1663 54
1664 54
1665 54
1666 53
1667 53
1668 53
1669 53
1670 53
1671 53
1672 54
1673 54
1674 54
1675 55
1676 54
1677 54
1678 54
1679 54
1680 54
1681 54
1682 54
1683 54
1684 54
1685 55
1686 54
1687 54
1688 54
1689 54
1690 54
1691 54
1692 54
1693 54
1694 54
1695 55
1696 55
1697 24
1698 55
1699 53
1700 53
1701 53
1702 53
1703 53
1704 55
1705 53
1706 56
1707 53
1708 53
1709 53
1710 55
1711 55
1712 24
1713 55
1714 53
1715 53
1716 53
1717 53
1718 53
1719 55
1720 53
1721 56
1722 53
1723 53
1724 53
1725 55
1726 24
1727 24
1728 24
1729 54
1730 54
1731 53
1732 53
1733 54
1734 55
1735 57
1736 54
1737 54
1738 56
1739 54
1740 54
1741 54
1742 55
1743 53
1744 24
1745 53
1746 53
1747 53
1748 53
1749 53
1750 53
1751 55
1752 57
1753 57
1754 56
1755 56
1756 56
1757 53
1758 53
1759 55
1760 55
1761 55
1762 55
1763 57
1764 57
1765 57
1766 106
1767 55
1768 63
1769 63
1770 63
1771 54
1772 54
1773 54
1774 54
1775 54
1776 55
1777 54
1778 54
1779 54
1780 54
1781 54
1782 54
1783 54
1784 54
1785 54
1786 55
1787 54
1788 54
1789 54
1790 54
1791 54
1792 54
1793 54
1794 54
1795 54
1796 54
1797 54
1798 54
1799 55
1800 54
1801 54
1802 54
1803 54
1804 54
1805 54
1806 54
1807 54
1808 54
1809 55
1810 54
1811 54
1812 54
1813 54
1814 54
1815 54
1816 54
1817 54
1818 54
1819 55
1820 56
1821 24
1822 56
1823 56
1824 56
1825 56
1826 56
1827 56
1828 55
1829 56
1830 56
1831 56
1832 56
1833 56
1834 55
1835 53
1836 24
1837 53
1838 53
1839 53
1840 53
1841 53
1842 53
1843 55
1844 53
1845 56
1846 53
1847 53
1848 53
1849 55
1850 24
1851 24
1852 24
1853 57
1854 57
1855 57
1856 57
1857 57
1858 55
1859 57
1860 57
1861 57
1862 56
1863 57
1864 57
1865 57
1866 55
1867 57
1868 24
1869 57
1870 57
1871 57
1872 57
1873 57
1874 57
1875 55
1876 57
1877 57
1878 57
1879 56
1880 57
1881 57
1882 57
1883 55
1884 55
1885 55
1886 55
1887 57
1888 57
1889 57
1890 55
1891 55
1892 55
1893 55
1894 55
1895 24
1896 55
1897 57
1898 57
1899 57
1900 24
1901 153
1902 55
1903 63
1904 63
1905 63
1906 63
1907 106
1908 57
1909 63
1910 63
1911 56
1912 55
1913 57
1914 57
1915 57
1916 57
1917 57
1918 55
1919 55
1920 55
1921 63
1922 63
1923 55
1924 75
1925 153
1926 106
1927 63
1928 63
1929 24
1930 58
1931 59
1932 60
1933 61
1934 63
1935 63
1936 75
1937 153
1938 106
1939 63
1940 63
1941 24
1942 63
1943 63
1944 63
1945 63
1946 63
1947 63
1948 63
1949 63
1950 24
1951 63
1952 63
1953 63
1954 63
1955 63
1956 153
1957 63
1958 63
1959 63
1960 63
1961 63
1962 106
1963 63
1964 63
1965 63
1966 75
1967 63
1968 63
1969 63
1970 63
1971 63
1972 63
1973 63
1974 63
1975 63
1976 63
1977 62
1978 63
1979 75
1980 153
1981 106
1982 63
1983 62
1984 24
1985 64
1986 65
1987 66
1988 67
1989 74
1990 74
1991 75
1992 153
1993 106
1994 63
1995 62
1996 24
1997 63
1998 63
1999 63
2000 74
2001 74
2002 74
2003 74
2004 74
2005 24
2006 74
2007 74
2008 74
2009 74
2010 74
2011 153
2012 74
2013 62
2014 62
2015 62
2016 62
2017 106
2018 74
2019 62
2020 62
2021 75
2022 74
2023 74
2024 75
2025 75
2026 75
2027 75
2028 74
2029 74
2030 74
2031 62
2032 62
2033 74
2034 75
2035 153
2036 106
2037 62
2038 62
2039 24
2040 68
2041 69
2042 70
2043 71
2044 74
2045 74
2046 75
2047 153
2048 106
2049 62
2050 62
2051 24
2052 62
2053 62
2054 153
2055 72
2056 72
2057 72
2058 75
2059 75
2060 72
2061 72
2062 153
2063 73
2064 73
2065 73
2066 75
2067 73
2068 73
2069 73
2070 74
2071 74
2072 74
2073 74
2074 74
2075 24
2076 74
2077 74
2078 74
2079 74
2080 74
2081 153
2082 74
2083 62
2084 62
2085 62
2086 62
2087 106
2088 74
2089 62
2090 62
2091 75
2092 74
2093 74
2094 74
2095 74
2096 75
2097 75
2098 74
2099 74
2100 74
2101 62
2102 62
2103 74
2104 75
2105 153
2106 106
2107 62
2108 62
2109 24
2110 24
2111 77
2112 78
2113 77
2114 78
2115 76
2116 75
2117 153
2118 106
2119 62
2120 62
2121 24
2122 62
2123 62
2124 153
2125 153
2126 153
2127 153
2128 75
2129 75
2130 153
2131 153
2132 153
2133 119
2134 119
2135 119
2136 75
2137 119
2138 119
2139 119
2140 76
2141 76
2142 76
2143 76
2144 76
2145 24
2146 24
2147 24
2148 78
2149 78
2150 77
2151 77
2152 76
2153 76
2154 78
2155 78
2156 78
2157 106
2158 76
2159 62
2160 62
2161 62
2162 77
2163 77
2164 77
2165 77
2166 77
2167 76
2168 77
2169 77
2170 77
2171 77
2172 77
2173 77
2174 77
2175 77
2176 77
2177 76
2178 77
2179 77
2180 77
2181 77
2182 77
2183 77
2184 77
2185 77
2186 77
2187 77
2188 77
2189 77
2190 76
2191 77
2192 77
2193 77
2194 77
2195 77
2196 77
2197 77
2198 77
2199 77
2200 76
2201 77
2202 77
2203 77
2204 77
2205 77
2206 77
2207 77
2208 77
2209 77
2210 76
2211 78
2212 24
2213 78
2214 78
2215 78
2216 78
2217 78
2218 78
2219 76
2220 78
2221 75
2222 78
2223 78
2224 78
2225 76
2226 78
2227 24
2228 78
2229 78
2230 78
2231 78
2232 78
2233 78
2234 76
2235 78
2236 75
2237 78
2238 78
2239 78
2240 76
2241 78
2242 24
2243 78
2244 78
2245 78
2246 78
2247 78
2248 78
2249 76
2250 78
2251 78
2252 78
2253 75
2254 78
2255 78
2256 78
2257 76
2258 78
2259 24
2260 78
2261 78
2262 78
2263 78
2264 78
2265 78
2266 76
2267 78
2268 78
2269 78
2270 75
2271 78
2272 78
2273 78
2274 76
2275 76
2276 76
2277 76
2278 78
2279 76
2280 76
2281 76
2282 76
2283 76
2284 76
2285 76
2286 24
2287 76
2288 78
2289 24
2290 24
2291 24
2292 153
2293 76
2294 62
2295 62
2296 62
2297 153
2298 106
2299 78
2300 62
2301 62
2302 75
2303 76
2304 78
2305 78
2306 78
2307 78
2308 78
2309 74
2310 87
2311 87
2312 62
2313 62
2314 87
2315 75
2316 153
2317 106
2318 62
2319 62
2320 24
2321 79
2322 80
2323 81
2324 82
2325 87
2326 87
2327 75
2328 153
2329 106
2330 62
2331 62
2332 24
2333 62
2334 62
2335 62
2336 87
2337 87
2338 87
2339 87
2340 87
2341 24
2342 87
2343 87
2344 87
2345 87
2346 87
2347 153
2348 87
2349 62
2350 87
2351 87
2352 87
2353 106
2354 87
2355 62
2356 62
2357 75
2358 87
2359 87
2360 75
2361 75
2362 75
2363 75
2364 87
2365 87
2366 87
2367 62
2368 87
2369 87
2370 75
2371 153
2372 106
2373 62
2374 87
2375 24
2376 83
2377 84
2378 85
2379 86
2380 87
2381 87
2382 75
2383 153
2384 106
2385 62
2386 87
2387 24
2388 62
2389 62
2390 153
2391 153
2392 153
2393 153
2394 75
2395 153
2396 153
2397 153
2398 153
2399 75
2400 75
2401 75
2402 75
2403 75
2404 75
2405 75
2406 87
2407 87
2408 87
2409 87
2410 87
2411 24
2412 87
2413 87
2414 87
2415 87
2416 87
2417 153
2418 87
2419 87
2420 87
2421 87
2422 87
2423 106
2424 87
2425 87
2426 87
2427 75
2428 87
2429 87
2430 87
2431 87
2432 87
2433 87
2434 87
2435 87
2436 87
2437 62
2438 107
2439 87
2440 75
2441 153
2442 106
2443 62
2444 107
2445 90
2446 90
2447 91
2448 95
2449 88
2450 94
2451 93
2452 75
2453 153
2454 106
2455 62
2456 107
2457 90
2458 62
2459 62
2460 153
2461 198
2462 198
2463 198
2464 75
2465 75
2466 198
2467 198
2468 153
2469 153
2470 119
2471 119
2472 75
2473 119
2474 119
2475 119
2476 93
2477 93
2478 93
2479 93
2480 93
2481 90
2482 90
2483 90
2484 94
2485 94
2486 91
2487 91
2488 93
2489 93
2490 94
2491 94
2492 94
2493 106
2494 93
2495 107
2496 107
2497 107
2498 88
2499 88
2500 88
2501 92
2502 92
2503 93
2504 92
2505 91
2506 92
2507 92
2508 92
2509 92
2510 88
2511 92
2512 92
2513 93
2514 92
2515 91
2516 92
2517 92
2518 92
2519 92
2520 92
2521 92
2522 92
2523 88
2524 91
2525 91
2526 93
2527 91
2528 91
2529 91
2530 91
2531 91
2532 91
2533 88
2534 91
2535 91
2536 93
2537 91
2538 91
2539 91
2540 91
2541 91
2542 91
2543 91
2544 91
2545 91
2546 93
2547 95
2548 90
2549 95
2550 95
2551 95
2552 95
2553 95
2554 95
2555 93
2556 95
2557 75
2558 95
2559 95
2560 95
2561 93
2562 89
2563 90
2564 89
2565 89
2566 89
2567 89
2568 89
2569 89
2570 93
2571 75
2572 75
2573 75
2574 89
2575 89
2576 93
2577 94
2578 90
2579 94
2580 94
2581 94
2582 94
2583 94
2584 94
2585 93
2586 94
2587 94
2588 94
2589 75
2590 94
2591 94
2592 94
2593 93
2594 95
2595 90
2596 95
2597 95
2598 95
2599 95
2600 95
2601 95
2602 93
2603 94
2604 95
2605 95
2606 75
2607 95
2608 95
2609 95
2610 93
2611 93
2612 93
2613 93
2614 94
2615 94
2616 94
2617 93
2618 93
2619 93
2620 93
2621 93
2622 90
2623 90
2624 90
2625 94
2626 91
2627 91
2628 91
2629 93
2630 93
2631 94
2632 94
2633 93
2634 106
2635 93
2636 107
2637 93
2638 88
2639 88
2640 88
2641 88
2642 88
2643 88
2644 93
2645 91
2646 91
2647 91
2648 88
2649 88
2650 88
2651 88
2652 88
2653 88
2654 93
2655 88
2656 91
2657 88
2658 88
2659 88
2660 88
2661 88
2662 88
2663 88
2664 88
2665 91
2666 91
2667 93
2668 91
2669 91
2670 91
2671 91
2672 91
2673 91
2674 88
2675 91
2676 91
2677 93
2678 91
2679 91
2680 91
2681 91
2682 91
2683 91
2684 91
2685 91
2686 91
2687 93
2688 90
2689 90
2690 90
2691 95
2692 95
2693 95
2694 95
2695 95
2696 93
2697 75
2698 75
2699 75
2700 95
2701 95
2702 93
2703 90
2704 90
2705 90
2706 89
2707 89
2708 89
2709 89
2710 89
2711 93
2712 89
2713 75
2714 89
2715 89
2716 89
2717 93
2718 90
2719 90
2720 90
2721 89
2722 89
2723 89
2724 89
2725 89
2726 93
2727 94
2728 89
2729 89
2730 75
2731 89
2732 89
2733 89
2734 93
2735 90
2736 90
2737 90
2738 94
2739 94
2740 94
2741 94
2742 94
2743 93
2744 94
2745 94
2746 94
2747 75
2748 94
2749 94
2750 94
2751 93
2752 93
2753 93
2754 93
2755 94
2756 94
2757 94
2758 106
2759 93
2760 107
2761 107
2762 107
2763 88
2764 88
2765 88
2766 92
2767 92
2768 93
2769 92
2770 91
2771 92
2772 92
2773 92
2774 92
2775 88
2776 92
2777 92
2778 93
2779 92
2780 91
2781 92
2782 92
2783 92
2784 92
2785 92
2786 92
2787 92
2788 88
2789 92
2790 92
2791 93
2792 92
2793 91
2794 92
2795 92
2796 92
2797 92
2798 88
2799 92
2800 92
2801 93
2802 92
2803 91
2804 92
2805 92
2806 92
2807 92
2808 92
2809 92
2810 92
2811 93
2812 90
2813 90
2814 90
2815 89
2816 89
2817 89
2818 89
2819 89
2820 93
2821 75
2822 75
2823 75
2824 89
2825 89
2826 93
2827 90
2828 90
2829 90
2830 89
2831 89
2832 89
2833 89
2834 89
2835 93
2836 89
2837 75
2838 89
2839 89
2840 89
2841 93
2842 90
2843 90
2844 90
2845 94
2846 94
2847 94
2848 94
2849 94
2850 93
2851 94
2852 94
2853 94
2854 75
2855 94
2856 94
2857 94
2858 93
2859 90
2860 90
2861 90
2862 94
2863 94
2864 94
2865 94
2866 94
2867 93
2868 94
2869 94
2870 94
2871 75
2872 94
2873 94
2874 94
2875 93
2876 93
2877 93
2878 93
2879 94
2880 93
2881 93
2882 93
2883 97
2884 97
2885 97
2886 97
2887 90
2888 90
2889 90
2890 94
2891 91
2892 91
2893 91
2894 97
2895 97
2896 94
2897 94
2898 97
2899 106
2900 97
2901 107
2902 97
2903 97
2904 88
2905 88
2906 88
2907 89
2908 89
2909 97
2910 97
2911 91
2912 91
2913 89
2914 89
2915 89
2916 88
2917 89
2918 89
2919 97
2920 89
2921 91
2922 89
2923 89
2924 89
2925 89
2926 95
2927 95
2928 95
2929 88
2930 96
2931 96
2932 97
2933 96
2934 91
2935 96
2936 96
2937 96
2938 96
2939 88
2940 96
2941 96
2942 97
2943 97
2944 91
2945 96
2946 96
2947 96
2948 96
2949 96
2950 96
2951 96
2952 97
2953 90
2954 90
2955 90
2956 90
2957 90
2958 90
2959 90
2960 90
2961 97
2962 97
2963 75
2964 75
2965 90
2966 90
2967 97
2968 97
2969 90
2970 97
2971 95
2972 95
2973 95
2974 95
2975 95
2976 97
2977 95
2978 75
2979 95
2980 95
2981 95
2982 97
2983 90
2984 90
2985 90
2986 94
2987 94
2988 94
2989 94
2990 94
2991 97
2992 94
2993 97
2994 94
2995 75
2996 94
2997 94
2998 94
2999 97
3000 95
3001 90
3002 95
3003 95
3004 95
3005 95
3006 95
3007 95
3008 97
3009 94
3010 95
3011 95
3012 75
3013 95
3014 95
3015 95
3016 97
3017 97
3018 97
3019 97
3020 94
3021 94
3022 94
3023 106
3024 97
3025 107
3026 107
3027 107
3028 88
3029 88
3030 88
3031 96
3032 96
3033 97
3034 96
3035 91
3036 96
3037 96
3038 96
3039 96
3040 88
3041 96
3042 96
3043 97
3044 96
3045 91
3046 96
3047 96
3048 96
3049 96
3050 96
3051 96
3052 96
3053 88
3054 91
3055 91
3056 97
3057 91
3058 91
3059 91
3060 91
3061 91
3062 91
3063 88
3064 91
3065 91
3066 97
3067 91
3068 91
3069 91
3070 91
3071 91
3072 91
3073 91
3074 91
3075 91
3076 97
3077 90
3078 90
3079 90
3080 95
3081 95
3082 95
3083 95
3084 95
3085 97
3086 95
3087 75
3088 95
3089 95
3090 95
3091 97
3092 95
3093 90
3094 95
3095 95
3096 95
3097 95
3098 95
3099 95
3100 97
3101 75
3102 75
3103 75
3104 95
3105 95
3106 97
3107 95
3108 90
3109 95
3110 95
3111 95
3112 95
3113 95
3114 95
3115 97
3116 94
3117 94
3118 94
3119 75
3120 94
3121 95
3122 95
3123 97
3124 94
3125 90
3126 94
3127 94
3128 94
3129 94
3130 94
3131 94
3132 97
3133 94
3134 94
3135 94
3136 75
3137 94
3138 94
3139 94
3140 97
3141 97
3142 97
3143 97
3144 94
3145 94
3146 94
3147 106
3148 97
3149 107
3150 107
3151 107
3152 88
3153 88
3154 88
3155 96
3156 96
3157 97
3158 96
3159 91
3160 96
3161 96
3162 96
3163 96
3164 88
3165 96
3166 96
3167 97
3168 96
3169 91
3170 96
3171 96
3172 96
3173 96
3174 96
3175 96
3176 96
3177 88
3178 96
3179 96
3180 97
3181 96
3182 91
3183 96
3184 96
3185 96
3186 96
3187 88
3188 96
3189 96
3190 97
3191 96
3192 91
3193 96
3194 96
3195 96
3196 96
3197 96
3198 96
3199 96
3200 97
3201 90
3202 90
3203 90
3204 89
3205 89
3206 89
3207 89
3208 89
3209 97
3210 89
3211 75
3212 89
3213 89
3214 89
3215 97
3216 95
3217 90
3218 95
3219 95
3220 95
3221 95
3222 95
3223 95
3224 97
3225 75
3226 75
3227 75
3228 95
3229 95
3230 97
3231 95
3232 90
3233 95
3234 95
3235 95
3236 95
3237 95
3238 95
3239 97
3240 94
3241 95
3242 95
3243 75
3244 95
3245 95
3246 95
3247 97
3248 90
3249 90
3250 90
3251 94
3252 94
3253 94
3254 94
3255 94
3256 97
3257 94
3258 94
3259 94
3260 75
3261 94
3262 94
3263 94
3264 97
3265 97
3266 97
3267 97
3268 94
3269 94
3270 94
3271 106
3272 97
3273 107
3274 107
3275 107
3276 88
3277 88
3278 88
3279 96
3280 96
3281 97
3282 91
3283 91
3284 91
3285 96
3286 96
3287 96
3288 88
3289 96
3290 96
3291 97
3292 96
3293 91
3294 96
3295 96
3296 96
3297 96
3298 96
3299 96
3300 96
3301 88
3302 91
3303 91
3304 97
3305 91
3306 91
3307 91
3308 91
3309 91
3310 91
3311 88
3312 91
3313 91
3314 97
3315 91
3316 91
3317 91
3318 91
3319 91
3320 91
3321 91
3322 91
3323 91
3324 97
3325 90
3326 90
3327 90
3328 90
3329 90
3330 90
3331 90
3332 90
3333 97
3334 75
3335 75
3336 75
3337 90
3338 90
3339 97
3340 95
3341 90
3342 95
3343 95
3344 95
3345 95
3346 95
3347 95
3348 97
3349 95
3350 75
3351 95
3352 95
3353 95
3354 97
3355 94
3356 90
3357 94
3358 94
3359 94
3360 94
3361 94
3362 94
3363 97
3364 94
3365 94
3366 94
3367 75
3368 94
3369 94
3370 94
3371 97
3372 94
3373 90
3374 94
3375 94
3376 94
3377 94
3378 94
3379 94
3380 97
3381 94
3382 94
3383 94
3384 75
3385 94
3386 94
3387 94
3388 97
3389 97
3390 97
3391 97
3392 94
3393 97
3394 97
3395 97
3396 97
3397 97
3398 97
3399 97
3400 90
3401 97
3402 94
3403 94
3404 90
3405 90
3406 153
3407 97
3408 107
3409 107
3410 107
3411 153
3412 106
3413 94
3414 107
3415 107
3416 75
3417 97
3418 94
3419 94
3420 94
3421 75
3422 75
3423 87
3424 107
3425 107
3426 107
3427 107
3428 107
3429 75
3430 153
3431 106
3432 107
3433 107
3434 24
3435 98
3436 99
3437 100
3438 101
3439 107
3440 107
3441 75
3442 153
3443 106
3444 107
3445 107
3446 24
3447 107
3448 107
3449 107
3450 107
3451 107
3452 107
3453 107
3454 107
3455 24
3456 107
3457 107
3458 107
3459 107
3460 107
3461 153
3462 107
3463 107
3464 107
3465 107
3466 107
3467 106
3468 107
3469 107
3470 107
3471 75
3472 107
3473 107
3474 107
3475 107
3476 107
3477 107
3478 107
3479 107
3480 107
3481 107
3482 112
3483 118
3484 75
3485 153
3486 106
3487 107
3488 112
3489 24
3490 102
3491 103
3492 104
3493 105
3494 118
3495 118
3496 75
3497 153
3498 106
3499 107
3500 112
3501 24
3502 107
3503 107
3504 107
3505 118
3506 118
3507 118
3508 118
3509 118
3510 24
3511 118
3512 118
3513 118
3514 118
3515 118
3516 153
3517 118
3518 112
3519 112
3520 112
3521 112
3522 106
3523 118
3524 112
3525 112
3526 75
3527 118
3528 118
3529 118
3530 118
3531 118
3532 118
3533 118
3534 118
3535 118
3536 112
3537 112
3538 118
3539 75
3540 153
3541 106
3542 112
3543 112
3544 24
3545 108
3546 109
3547 110
3548 111
3549 107
3550 118
3551 75
3552 153
3553 106
3554 112
3555 112
3556 24
3557 112
3558 112
3559 112
3560 107
3561 107
3562 118
3563 118
3564 118
3565 24
3566 118
3567 107
3568 107
3569 107
3570 107
3571 153
3572 118
3573 112
3574 112
3575 112
3576 112
3577 106
3578 107
3579 112
3580 112
3581 75
3582 118
3583 107
3584 107
3585 107
3586 107
3587 107
3588 118
3589 118
3590 118
3591 112
3592 112
3593 118
3594 75
3595 153
3596 106
3597 112
3598 112
3599 24
3600 113
3601 114
3602 115
3603 116
3604 118
3605 118
3606 75
3607 153
3608 106
3609 112
3610 112
3611 24
3612 112
3613 112
3614 153
3615 117
3616 117
3617 117
3618 75
3619 75
3620 117
3621 117
3622 153
3623 119
3624 119
3625 119
3626 75
3627 75
3628 119
3629 119
3630 118
3631 118
3632 118
3633 118
3634 118
3635 24
3636 118
3637 118
3638 118
3639 118
3640 118
3641 153
3642 118
3643 112
3644 112
3645 112
3646 112
3647 106
3648 118
3649 112
3650 112
3651 75
3652 118
3653 118
3654 118
3655 118
3656 118
3657 118
3658 118
3659 118
3660 118
3661 112
3662 125
3663 118
3664 75
3665 153
3666 106
3667 112
3668 125
3669 24
3670 24
3671 125
3672 120
3673 125
3674 120
3675 120
3676 75
3677 153
3678 106
3679 112
3680 125
3681 24
3682 112
3683 112
3684 153
3685 153
3686 153
3687 153
3688 75
3689 153
3690 153
3691 153
3692 153
3693 153
3694 153
3695 153
3696 75
3697 153
3698 153
3699 153
3700 120
3701 120
3702 120
3703 120
3704 120
3705 24
3706 24
3707 24
3708 120
3709 125
3710 125
3711 125
3712 120
3713 120
3714 120
3715 120
3716 120
3717 106
3718 120
3719 125
3720 125
3721 125
3722 125
3723 125
3724 125
3725 120
3726 120
3727 120
3728 120
3729 125
3730 120
3731 120
3732 120
3733 120
3734 125
3735 125
3736 125
3737 120
3738 125
3739 125
3740 125
3741 125
3742 125
3743 125
3744 120
3745 120
3746 120
3747 125
3748 125
3749 125
3750 120
3751 125
3752 125
3753 125
3754 125
3755 125
3756 125
3757 125
3758 125
3759 125
3760 120
3761 125
3762 125
3763 125
3764 125
3765 125
3766 125
3767 125
3768 125
3769 125
3770 120
3771 120
3772 24
3773 120
3774 120
3775 120
3776 120
3777 120
3778 120
3779 120
3780 120
3781 75
3782 120
3783 120
3784 120
3785 120
3786 120
3787 24
3788 120
3789 120
3790 120
3791 120
3792 120
3793 120
3794 120
3795 120
3796 75
3797 120
3798 120
3799 120
3800 120
3801 120
3802 24
3803 120
3804 120
3805 120
3806 120
3807 120
3808 120
3809 120
3810 120
3811 120
3812 120
3813 75
3814 120
3815 120
3816 120
3817 120
3818 120
3819 24
3820 120
3821 120
3822 120
3823 120
3824 120
3825 120
3826 120
3827 120
3828 120
3829 120
3830 75
3831 120
3832 120
3833 120
3834 120
3835 120
3836 120
3837 120
3838 120
3839 120
3840 120
3841 120
3842 120
3843 120
3844 120
3845 120
3846 24
3847 120
3848 120
3849 120
3850 120
3851 120
3852 153
3853 120
3854 125
3855 125
3856 125
3857 125
3858 106
3859 120
3860 125
3861 125
3862 75
3863 120
3864 120
3865 120
3866 120
3867 120
3868 120
3869 120
3870 120
3871 125
3872 125
3873 125
3874 125
3875 75
3876 153
3877 106
3878 125
3879 125
3880 24
3881 121
3882 122
3883 123
3884 124
3885 125
3886 125
3887 75
3888 153
3889 106
3890 125
3891 125
3892 24
3893 125
3894 125
3895 125
3896 125
3897 125
3898 125
3899 125
3900 125
3901 24
3902 125
3903 125
3904 125
3905 125
3906 24
3907 153
3908 125
3909 125
3910 130
3911 130
3912 130
3913 106
3914 125
3915 125
3916 125
3917 75
3918 125
3919 125
3920 125
3921 125
3922 125
3923 125
3924 125
3925 125
3926 125
3927 130
3928 130
3929 125
3930 75
3931 153
3932 106
3933 130
3934 130
3935 24
3936 126
3937 127
3938 128
3939 129
3940 130
3941 130
3942 75
3943 153
3944 106
3945 130
3946 130
3947 24
3948 130
3949 130
3950 153
3951 153
3952 198
3953 198
3954 75
3955 198
3956 198
3957 198
3958 153
3959 153
3960 153
3961 153
3962 75
3963 153
3964 153
3965 153
3966 130
3967 130
3968 130
3969 130
3970 130
3971 24
3972 130
3973 130
3974 130
3975 130
3976 24
3977 153
3978 130
3979 130
3980 130
3981 130
3982 153
3983 106
3984 130
3985 130
3986 130
3987 75
3988 130
3989 130
3990 130
3991 130
3992 130
3993 130
3994 130
3995 130
3996 130
3997 130
3998 146
3999 130
4000 136
4001 153
4002 106
4003 130
4004 146
4005 131
4006 131
4007 135
4008 133
4009 132
4010 133
4011 134
4012 136
4013 153
4014 106
4015 130
4016 146
4017 131
4018 130
4019 130
4020 153
4021 153
4022 136
4023 136
4024 136
4025 136
4026 136
4027 136
4028 153
4029 153
4030 136
4031 136
4032 136
4033 136
4034 136
4035 136
4036 134
4037 134
4038 134
4039 134
4040 134
4041 131
4042 131
4043 131
4044 133
4045 135
4046 135
4047 135
4048 134
4049 134
4050 133
4051 133
4052 133
4053 106
4054 134
4055 146
4056 146
4057 146
4058 132
4059 132
4060 132
4061 132
4062 132
4063 134
4064 135
4065 135
4066 135
4067 132
4068 132
4069 132
4070 132
4071 132
4072 132
4073 134
4074 135
4075 135
4076 135
4077 132
4078 132
4079 132
4080 132
4081 132
4082 132
4083 132
4084 132
4085 132
4086 134
4087 135
4088 135
4089 135
4090 132
4091 132
4092 132
4093 132
4094 132
4095 132
4096 134
4097 132
4098 135
4099 132
4100 132
4101 132
4102 132
4103 132
4104 132
4105 132
4106 134
4107 136
4108 131
4109 136
4110 136
4111 136
4112 133
4113 133
4114 136
4115 134
4116 136
4117 136
4118 136
4119 136
4120 136
4121 134
4122 133
4123 131
4124 133
4125 133
4126 133
4127 133
4128 133
4129 133
4130 134
4131 133
4132 136
4133 133
4134 133
4135 133
4136 134
4137 133
4138 131
4139 133
4140 133
4141 133
4142 133
4143 133
4144 133
4145 134
4146 133
4147 133
4148 133
4149 136
4150 133
4151 133
4152 133
4153 134
4154 133
4155 131
4156 133
4157 133
4158 133
4159 133
4160 133
4161 133
4162 134
4163 133
4164 133
4165 133
4166 136
4167 133
4168 133
4169 133
4170 134
4171 134
4172 134
4173 134
4174 133
4175 133
4176 133
4177 134
4178 134
4179 134
4180 134
4181 134
4182 131
4183 131
4184 131
4185 133
4186 135
4187 135
4188 135
4189 134
4190 134
4191 133
4192 133
4193 133
4194 106
4195 134
4196 146
4197 146
4198 146
4199 132
4200 132
4201 132
4202 135
4203 135
4204 134
4205 135
4206 135
4207 135
4208 135
4209 135
4210 135
4211 132
4212 135
4213 135
4214 134
4215 135
4216 135
4217 135
4218 135
4219 135
4220 135
4221 135
4222 135
4223 135
4224 132
4225 135
4226 135
4227 134
4228 135
4229 135
4230 135
4231 135
4232 135
4233 135
4234 132
4235 135
4236 135
4237 134
4238 135
4239 135
4240 135
4241 135
4242 135
4243 135
4244 135
4245 135
4246 135
4247 134
4248 134
4249 131
4250 133
4251 133
4252 133
4253 133
4254 133
4255 133
4256 134
4257 133
4258 136
4259 133
4260 133
4261 133
4262 134
4263 131
4264 131
4265 131
4266 131
4267 131
4268 131
4269 131
4270 131
4271 134
4272 131
4273 136
4274 131
4275 131
4276 131
4277 134
4278 131
4279 131
4280 131
4281 131
4282 131
4283 133
4284 133
4285 133
4286 134
4287 133
4288 133
4289 133
4290 136
4291 133
4292 133
4293 133
4294 134
4295 133
4296 131
4297 133
4298 133
4299 133
4300 133
4301 133
4302 133
4303 134
4304 133
4305 133
4306 133
4307 136
4308 133
4309 133
4310 133
4311 134
4312 134
4313 134
4314 134
4315 133
4316 133
4317 133
4318 106
4319 134
4320 146
4321 146
4322 146
4323 132
4324 132
4325 132
4326 135
4327 135
4328 134
4329 135
4330 135
4331 135
4332 135
4333 135
4334 135
4335 132
4336 135
4337 135
4338 134
4339 135
4340 135
4341 135
4342 135
4343 135
4344 135
4345 135
4346 135
4347 135
4348 132
4349 133
4350 133
4351 134
4352 133
4353 135
4354 133
4355 133
4356 133
4357 133
4358 132
4359 133
4360 133
4361 134
4362 135
4363 135
4364 135
4365 133
4366 133
4367 133
4368 133
4369 133
4370 133
4371 134
4372 131
4373 131
4374 131
4375 131
4376 131
4377 133
4378 133
4379 131
4380 134
4381 131
4382 136
4383 131
4384 131
4385 131
4386 134
4387 133
4388 131
4389 133
4390 133
4391 133
4392 133
4393 133
4394 133
4395 134
4396 133
4397 136
4398 133
4399 133
4400 133
4401 134
4402 136
4403 131
4404 136
4405 136
4406 136
4407 136
4408 136
4409 136
4410 134
4411 133
4412 136
4413 136
4414 136
4415 136
4416 136
4417 136
4418 134
4419 131
4420 131
4421 131
4422 131
4423 131
4424 131
4425 131
4426 131
4427 134
4428 133
4429 131
4430 131
4431 136
4432 131
4433 131
4434 131
4435 134
4436 134
4437 134
4438 134
4439 133
4440 133
4441 133
4442 134
4443 134
4444 134
4445 134
4446 134
4447 131
4448 134
4449 133
4450 131
4451 131
4452 131
4453 153
4454 134
4455 146
4456 146
4457 146
4458 146
4459 106
4460 133
4461 146
4462 146
4463 136
4464 134
4465 133
4466 133
4467 133
4468 133
4469 133
4470 130
4471 146
4472 146
4473 130
4474 146
4475 146
4476 75
4477 153
4478 106
4479 130
4480 146
4481 24
4482 137
4483 138
4484 139
4485 140
4486 146
4487 146
4488 75
4489 153
4490 106
4491 130
4492 146
4493 24
4494 130
4495 130
4496 130
4497 146
4498 146
4499 146
4500 146
4501 146
4502 24
4503 146
4504 146
4505 146
4506 146
4507 146
4508 153
4509 146
4510 146
4511 146
4512 146
4513 146
4514 106
4515 146
4516 146
4517 146
4518 75
4519 146
4520 146
4521 146
4522 146
4523 146
4524 146
4525 146
4526 146
4527 146
4528 130
4529 146
4530 146
4531 75
4532 153
4533 106
4534 130
4535 146
4536 24
4537 142
4538 143
4539 144
4540 145
4541 130
4542 146
4543 75
4544 153
4545 106
4546 130
4547 146
4548 24
4549 130
4550 130
4551 130
4552 130
4553 130
4554 146
4555 146
4556 146
4557 24
4558 146
4559 130
4560 130
4561 130
4562 130
4563 153
4564 146
4565 146
4566 146
4567 146
4568 146
4569 106
4570 130
4571 146
4572 146
4573 75
4574 146
4575 130
4576 146
4577 146
4578 146
4579 146
4580 146
4581 146
4582 146
4583 130
4584 146
4585 146
4586 75
4587 153
4588 106
4589 130
4590 146
4591 24
4592 147
4593 148
4594 149
4595 150
4596 141
4597 141
4598 75
4599 153
4600 106
4601 130
4602 146
4603 24
4604 130
4605 130
4606 153
4607 153
4608 151
4609 151
4610 75
4611 151
4612 151
4613 151
4614 153
4615 75
4616 75
4617 75
4618 75
4619 75
4620 75
4621 75
4622 141
4623 141
4624 141
4625 141
4626 141
4627 24
4628 141
4629 141
4630 141
4631 141
4632 141
4633 153
4634 141
4635 146
4636 141
4637 141
4638 141
4639 106
4640 141
4641 146
4642 146
4643 75
4644 141
4645 141
4646 141
4647 141
4648 141
4649 141
4650 141
4651 141
4652 141
4653 141
4654 141
4655 141
4656 75
4657 153
4658 106
4659 141
4660 141
4661 24
4662 24
4663 156
4664 155
4665 155
4666 156
4667 154
4668 75
4669 153
4670 106
4671 141
4672 141
4673 24
4674 141
4675 141
4676 153
4677 198
4678 198
4679 198
4680 75
4681 198
4682 198
4683 198
4684 153
4685 153
4686 153
4687 153
4688 75
4689 153
4690 153
4691 153
4692 154
4693 154
4694 154
4695 154
4696 154
4697 24
4698 24
4699 24
4700 156
4701 156
4702 156
4703 156
4704 154
4705 154
4706 156
4707 156
4708 156
4709 106
4710 154
4711 141
4712 141
4713 141
4714 155
4715 155
4716 155
4717 156
4718 156
4719 154
4720 156
4721 156
4722 156
4723 156
4724 156
4725 156
4726 155
4727 156
4728 156
4729 154
4730 156
4731 156
4732 156
4733 156
4734 156
4735 156
4736 156
4737 156
4738 156
4739 155
4740 155
4741 155
4742 154
4743 155
4744 156
4745 155
4746 155
4747 155
4748 155
4749 155
4750 155
4751 155
4752 154
4753 155
4754 156
4755 155
4756 155
4757 155
4758 155
4759 155
4760 155
4761 155
4762 154
4763 155
4764 24
4765 155
4766 155
4767 155
4768 155
4769 155
4770 155
4771 154
4772 155
4773 75
4774 155
4775 155
4776 155
4777 154
4778 155
4779 24
4780 155
4781 155
4782 155
4783 155
4784 155
4785 155
4786 154
4787 155
4788 75
4789 155
4790 155
4791 155
4792 154
4793 156
4794 24
4795 156
4796 156
4797 156
4798 155
4799 155
4800 156
4801 154
4802 156
4803 156
4804 156
4805 75
4806 156
4807 156
4808 156
4809 154
4810 24
4811 24
4812 24
4813 156
4814 156
4815 155
4816 155
4817 156
4818 154
4819 156
4820 156
4821 156
4822 75
4823 156
4824 156
4825 156
4826 154
4827 154
4828 154
4829 154
4830 156
4831 156
4832 156
4833 154
4834 154
4835 154
4836 154
4837 154
4838 24
4839 154
4840 156
4841 24
4842 24
4843 24
4844 153
4845 154
4846 141
4847 141
4848 141
4849 141
4850 106
4851 156
4852 141
4853 141
4854 75
4855 154
4856 156
4857 156
4858 156
4859 156
4860 156
4861 154
4862 154
4863 141
4864 141
4865 152
4866 141
4867 75
4868 153
4869 106
4870 141
4871 152
4872 24
4873 157
4874 158
4875 159
4876 160
4877 141
4878 141
4879 75
4880 153
4881 106
4882 141
4883 152
4884 24
4885 141
4886 141
4887 141
4888 141
4889 141
4890 141
4891 141
4892 141
4893 24
4894 141
4895 141
4896 141
4897 141
4898 141
4899 153
4900 141
4901 152
4902 152
4903 152
4904 152
4905 106
4906 141
4907 152
4908 152
4909 75
4910 141
4911 141
4912 141
4913 75
4914 75
4915 75
4916 141
4917 141
4918 141
4919 152
4920 152
4921 152
4922 75
4923 153
4924 106
4925 152
4926 152
4927 24
4928 161
4929 162
4930 163
4931 164
4932 152
4933 152
4934 75
4935 153
4936 106
4937 152
4938 152
4939 24
4940 152
4941 152
4942 153
4943 153
4944 153
4945 153
4946 75
4947 153
4948 153
4949 153
4950 153
4951 153
4952 153
4953 153
4954 75
4955 153
4956 153
4957 153
4958 152
4959 152
4960 152
4961 152
4962 152
4963 24
4964 152
4965 152
4966 152
4967 152
4968 152
4969 153
4970 152
4971 152
4972 152
4973 152
4974 168
4975 106
4976 152
4977 152
4978 152
4979 75
4980 152
4981 152
4982 152
4983 152
4984 75
4985 75
4986 152
4987 152
4988 152
4989 152
4990 168
4991 152
4992 169
4993 153
4994 172
4995 152
4996 168
4997 167
4998 167
4999 181
5000 183
5001 184
5002 179
5003 192
5004 169
5005 153
5006 172
5007 152
5008 168
5009 167
5010 152
5011 152
5012 153
5013 169
5014 169
5015 169
5016 169
5017 169
5018 169
5019 169
5020 153
5021 169
5022 169
5023 169
5024 169
5025 169
5026 169
5027 169
5028 192
5029 192
5030 192
5031 192
5032 192
5033 167
5034 167
5035 167
5036 179
5037 181
5038 181
5039 181
5040 192
5041 192
5042 179
5043 192
5044 192
5045 172
5046 192
5047 168
5048 184
5049 184
5050 184
5051 184
5052 184
5053 165
5054 165
5055 192
5056 181
5057 181
5058 181
5059 165
5060 165
5061 165
5062 184
5063 165
5064 165
5065 192
5066 192
5067 181
5068 192
5069 165
5070 165
5071 165
5072 165
5073 165
5074 165
5075 184
5076 181
5077 181
5078 192
5079 181
5080 181
5081 181
5082 181
5083 181
5084 181
5085 184
5086 183
5087 183
5088 192
5089 181
5090 181
5091 181
5092 183
5093 183
5094 183
5095 183
5096 183
5097 183
5098 192
5099 183
5100 167
5101 183
5102 183
5103 183
5104 183
5105 183
5106 183
5107 192
5108 192
5109 169
5110 192
5111 183
5112 183
5113 192
5114 169
5115 167
5116 169
5117 169
5118 169
5119 169
5120 169
5121 169
5122 192
5123 169
5124 169
5125 169
5126 169
5127 169
5128 192
5129 179
5130 167
5131 179
5132 179
5133 179
5134 179
5135 179
5136 179
5137 192
5138 179
5139 179
5140 179
5141 169
5142 179
5143 179
5144 179
5145 192
5146 191
5147 167
5148 191
5149 191
5150 191
5151 191
5152 191
5153 191
5154 192
5155 179
5156 191
5157 191
5158 169
5159 191
5160 191
5161 191
5162 192
5163 192
5164 192
5165 192
5166 179
5167 192
5168 192
5169 192
5170 192
5171 192
5172 192
5173 192
5174 167
5175 167
5176 167
5177 179
5178 181
5179 181
5180 181
5181 192
5182 192
5183 179
5184 179
5185 192
5186 172
5187 192
5188 168
5189 168
5190 168
5191 184
5192 184
5193 184
5194 173
5195 173
5196 192
5197 181
5198 181
5199 181
5200 173
5201 173
5202 173
5203 184
5204 173
5205 173
5206 192
5207 192
5208 181
5209 192
5210 173
5211 173
5212 173
5213 173
5214 173
5215 173
5216 184
5217 182
5218 182
5219 192
5220 181
5221 181
5222 181
5223 182
5224 182
5225 182
5226 184
5227 182
5228 182
5229 192
5230 182
5231 181
5232 182
5233 182
5234 182
5235 182
5236 182
5237 182
5238 182
5239 192
5240 183
5241 167
5242 183
5243 183
5244 183
5245 183
5246 183
5247 183
5248 192
5249 183
5250 169
5251 183
5252 183
5253 183
5254 192
5255 192
5256 167
5257 183
5258 183
5259 183
5260 183
5261 183
5262 183
5263 192
5264 192
5265 169
5266 192
5267 183
5268 183
5269 192
5270 192
5271 167
5272 192
5273 192
5274 192
5275 192
5276 192
5277 192
5278 192
5279 179
5280 192
5281 192
5282 169
5283 192
5284 192
5285 192
5286 192
5287 183
5288 167
5289 183
5290 183
5291 183
5292 183
5293 183
5294 183
5295 192
5296 179
5297 192
5298 192
5299 169
5300 192
5301 183
5302 183
5303 192
5304 192
5305 192
5306 192
5307 179
5308 192
5309 192
5310 172
5311 192
5312 168
5313 168
5314 168
5315 184
5316 184
5317 184
5318 183
5319 183
5320 192
5321 183
5322 181
5323 183
5324 183
5325 183
5326 183
5327 184
5328 183
5329 183
5330 192
5331 181
5332 181
5333 181
5334 183
5335 183
5336 183
5337 183
5338 183
5339 183
5340 184
5341 183
5342 183
5343 192
5344 181
5345 181
5346 181
5347 183
5348 183
5349 183
5350 184
5351 183
5352 183
5353 192
5354 181
5355 181
5356 181
5357 183
5358 183
5359 183
5360 183
5361 183
5362 183
5363 192
5364 183
5365 167
5366 183
5367 183
5368 183
5369 183
5370 183
5371 183
5372 192
5373 183
5374 169
5375 183
5376 183
5377 183
5378 192
5379 191
5380 167
5381 191
5382 191
5383 191
5384 191
5385 191
5386 191
5387 192
5388 191
5389 169
5390 191
5391 191
5392 191
5393 192
5394 191
5395 167
5396 191
5397 191
5398 191
5399 191
5400 191
5401 191
5402 192
5403 179
5404 191
5405 191
5406 169
5407 191
5408 191
5409 191
5410 192
5411 179
5412 167
5413 179
5414 179
5415 179
5416 179
5417 179
5418 179
5419 192
5420 179
5421 179
5422 179
5423 169
5424 179
5425 179
5426 179
5427 192
5428 192
5429 192
5430 192
5431 179
5432 192
5433 192
5434 192
5435 178
5436 178
5437 178
5438 178
5439 167
5440 167
5441 167
5442 179
5443 181
5444 181
5445 181
5446 178
5447 178
5448 179
5449 178
5450 178
5451 172
5452 178
5453 168
5454 168
5455 168
5456 184
5457 184
5458 184
5459 177
5460 177
5461 178
5462 178
5463 181
5464 177
5465 177
5466 177
5467 177
5468 184
5469 177
5470 177
5471 178
5472 178
5473 181
5474 178
5475 177
5476 177
5477 177
5478 177
5479 177
5480 177
5481 184
5482 177
5483 177
5484 178
5485 177
5486 181
5487 177
5488 177
5489 177
5490 177
5491 184
5492 177
5493 177
5494 178
5495 177
5496 181
5497 177
5498 177
5499 177
5500 177
5501 177
5502 177
5503 177
5504 178
5505 166
5506 167
5507 166
5508 166
5509 166
5510 166
5511 166
5512 166
5513 178
5514 166
5515 169
5516 166
5517 166
5518 166
5519 178
5520 194
5521 167
5522 194
5523 194
5524 194
5525 183
5526 183
5527 194
5528 178
5529 194
5530 169
5531 194
5532 194
5533 194
5534 178
5535 178
5536 167
5537 178
5538 178
5539 178
5540 178
5541 178
5542 178
5543 178
5544 179
5545 178
5546 178
5547 169
5548 178
5549 178
5550 178
5551 178
5552 178
5553 167
5554 178
5555 171
5556 171
5557 171
5558 171
5559 171
5560 178
5561 179
5562 171
5563 171
5564 169
5565 171
5566 171
5567 171
5568 178
5569 178
5570 178
5571 178
5572 179
5573 178
5574 178
5575 172
5576 178
5577 168
5578 184
5579 184
5580 184
5581 184
5582 184
5583 177
5584 177
5585 178
5586 177
5587 181
5588 177
5589 177
5590 177
5591 177
5592 184
5593 177
5594 177
5595 178
5596 177
5597 181
5598 177
5599 177
5600 177
5601 177
5602 177
5603 177
5604 177
5605 184
5606 184
5607 184
5608 178
5609 181
5610 181
5611 181
5612 184
5613 184
5614 184
5615 184
5616 184
5617 184
5618 178
5619 178
5620 181
5621 181
5622 184
5623 184
5624 184
5625 184
5626 184
5627 184
5628 178
5629 174
5630 167
5631 174
5632 174
5633 174
5634 174
5635 174
5636 174
5637 178
5638 174
5639 169
5640 174
5641 174
5642 174
5643 178
5644 175
5645 167
5646 175
5647 175
5648 175
5649 175
5650 175
5651 175
5652 178
5653 175
5654 169
5655 175
5656 175
5657 175
5658 178
5659 176
5660 167
5661 176
5662 176
5663 176
5664 176
5665 176
5666 176
5667 178
5668 179
5669 176
5670 176
5671 169
5672 176
5673 176
5674 176
5675 178
5676 170
5677 167
5678 170
5679 170
5680 170
5681 170
5682 170
5683 170
5684 178
5685 179
5686 170
5687 170
5688 169
5689 170
5690 170
5691 170
5692 178
5693 178
5694 178
5695 178
5696 179
5697 179
5698 179
5699 172
5700 178
5701 168
5702 168
5703 168
5704 184
5705 184
5706 184
5707 177
5708 177
5709 178
5710 177
5711 181
5712 177
5713 177
5714 177
5715 177
5716 184
5717 177
5718 177
5719 178
5720 177
5721 181
5722 177
5723 177
5724 177
5725 177
5726 177
5727 177
5728 177
5729 184
5730 177
5731 177
5732 178
5733 177
5734 181
5735 177
5736 177
5737 177
5738 177
5739 184
5740 177
5741 177
5742 178
5743 177
5744 181
5745 177
5746 177
5747 177
5748 177
5749 177
5750 177
5751 177
5752 178
5753 191
5754 167
5755 191
5756 191
5757 191
5758 191
5759 191
5760 191
5761 178
5762 191
5763 169
5764 191
5765 191
5766 191
5767 178
5768 178
5769 167
5770 178
5771 178
5772 178
5773 178
5774 178
5775 178
5776 178
5777 178
5778 169
5779 178
5780 178
5781 178
5782 178
5783 178
5784 167
5785 178
5786 178
5787 178
5788 178
5789 178
5790 178
5791 178
5792 179
5793 178
5794 178
5795 169
5796 178
5797 178
5798 178
5799 178
5800 178
5801 167
5802 178
5803 178
5804 178
5805 178
5806 178
5807 178
5808 178
5809 179
5810 178
5811 178
5812 169
5813 178
5814 178
5815 178
5816 178
5817 180
5818 180
5819 180
5820 179
5821 180
5822 180
5823 172
5824 180
5825 168
5826 168
5827 168
5828 184
5829 184
5830 184
5831 177
5832 177
5833 180
5834 177
5835 181
5836 177
5837 177
5838 177
5839 177
5840 184
5841 177
5842 177
5843 180
5844 177
5845 181
5846 177
5847 177
5848 177
5849 177
5850 177
5851 177
5852 177
5853 184
5854 177
5855 177
5856 180
5857 177
5858 181
5859 177
5860 177
5861 177
5862 177
5863 184
5864 177
5865 177
5866 180
5867 177
5868 181
5869 177
5870 177
5871 177
5872 177
5873 177
5874 177
5875 177
5876 180
5877 183
5878 167
5879 183
5880 183
5881 183
5882 183
5883 183
5884 183
5885 180
5886 183
5887 169
5888 183
5889 183
5890 183
5891 180
5892 183
5893 167
5894 183
5895 183
5896 183
5897 183
5898 183
5899 183
5900 180
5901 183
5902 169
5903 183
5904 183
5905 183
5906 180
5907 183
5908 167
5909 183
5910 183
5911 183
5912 183
5913 183
5914 183
5915 180
5916 179
5917 183
5918 183
5919 169
5920 183
5921 183
5922 183
5923 180
5924 179
5925 167
5926 179
5927 179
5928 179
5929 179
5930 179
5931 179
5932 180
5933 179
5934 179
5935 179
5936 169
5937 179
5938 179
5939 179
5940 180
5941 180
5942 180
5943 180
5944 179
5945 180
5946 180
5947 180
5948 180
5949 180
5950 180
5951 180
5952 167
5953 167
5954 167
5955 179
5956 181
5957 181
5958 181
5959 180
5960 180
5961 179
5962 180
5963 180
5964 172
5965 180
5966 168
5967 184
5968 184
5969 184
5970 184
5971 184
5972 181
5973 181
5974 180
5975 181
5976 181
5977 181
5978 181
5979 181
5980 181
5981 184
5982 181
5983 181
5984 180
5985 181
5986 181
5987 181
5988 181
5989 181
5990 181
5991 181
5992 181
5993 181
5994 184
5995 180
5996 180
5997 180
5998 180
5999 181
6000 180
6001 180
6002 180
6003 180
6004 184
6005 180
6006 180
6007 180
6008 180
6009 181
6010 180
6011 180
6012 180
6013 180
6014 180
6015 180
6016 180
6017 180
6018 180
6019 167
6020 180
6021 180
6022 180
6023 180
6024 180
6025 180
6026 180
6027 180
6028 169
6029 180
6030 180
6031 180
6032 180
6033 191
6034 167
6035 191
6036 191
6037 191
6038 191
6039 191
6040 191
6041 180
6042 191
6043 169
6044 191
6045 191
6046 191
6047 180
6048 191
6049 167
6050 191
6051 191
6052 191
6053 191
6054 191
6055 191
6056 180
6057 179
6058 191
6059 191
6060 169
6061 191
6062 191
6063 191
6064 180
6065 191
6066 167
6067 191
6068 191
6069 191
6070 191
6071 191
6072 191
6073 180
6074 179
6075 191
6076 191
6077 169
6078 191
6079 191
6080 191
6081 180
6082 180
6083 180
6084 180
6085 179
6086 180
6087 180
6088 172
6089 180
6090 168
6091 168
6092 168
6093 184
6094 184
6095 184
6096 184
6097 184
6098 180
6099 184
6100 181
6101 184
6102 184
6103 184
6104 184
6105 184
6106 184
6107 184
6108 180
6109 184
6110 181
6111 184
6112 184
6113 184
6114 184
6115 184
6116 184
6117 184
6118 184
6119 185
6120 185
6121 180
6122 185
6123 181
6124 185
6125 185
6126 185
6127 185
6128 184
6129 185
6130 185
6131 180
6132 185
6133 181
6134 185
6135 185
6136 185
6137 185
6138 185
6139 185
6140 185
6141 180
6142 186
6143 167
6144 186
6145 186
6146 186
6147 186
6148 186
6149 186
6150 180
6151 186
6152 169
6153 186
6154 186
6155 186
6156 180
6157 183
6158 167
6159 183
6160 183
6161 183
6162 183
6163 183
6164 183
6165 180
6166 183
6167 169
6168 183
6169 183
6170 183
6171 180
6172 187
6173 167
6174 187
6175 187
6176 187
6177 183
6178 183
6179 187
6180 180
6181 179
6182 187
6183 187
6184 169
6185 187
6186 187
6187 187
6188 180
6189 191
6190 167
6191 191
6192 191
6193 191
6194 191
6195 191
6196 191
6197 180
6198 179
6199 191
6200 191
6201 169
6202 191
6203 191
6204 191
6205 180
6206 190
6207 190
6208 190
6209 179
6210 190
6211 190
6212 172
6213 190
6214 168
6215 168
6216 168
6217 189
6218 189
6219 189
6220 188
6221 188
6222 190
6223 188
6224 181
6225 188
6226 188
6227 188
6228 188
6229 189
6230 188
6231 188
6232 190
6233 188
6234 181
6235 188
6236 188
6237 188
6238 188
6239 188
6240 188
6241 188
6242 189
6243 189
6244 189
6245 190
6246 189
6247 181
6248 189
6249 189
6250 189
6251 189
6252 189
6253 189
6254 189
6255 190
6256 189
6257 181
6258 189
6259 189
6260 189
6261 189
6262 189
6263 189
6264 189
6265 190
6266 190
6267 167
6268 190
6269 190
6270 190
6271 190
6272 190
6273 190
6274 190
6275 190
6276 169
6277 190
6278 190
6279 190
6280 190
6281 190
6282 167
6283 190
6284 190
6285 190
6286 190
6287 190
6288 190
6289 190
6290 190
6291 169
6292 190
6293 190
6294 190
6295 190
6296 190
6297 167
6298 190
6299 190
6300 190
6301 190
6302 190
6303 190
6304 190
6305 179
6306 190
6307 190
6308 169
6309 190
6310 190
6311 190
6312 190
6313 183
6314 167
6315 183
6316 183
6317 183
6318 183
6319 183
6320 183
6321 190
6322 179
6323 183
6324 183
6325 169
6326 183
6327 183
6328 183
6329 190
6330 190
6331 190
6332 190
6333 179
6334 190
6335 190
6336 172
6337 190
6338 168
6339 189
6340 189
6341 189
6342 189
6343 189
6344 190
6345 190
6346 190
6347 190
6348 181
6349 190
6350 190
6351 190
6352 190
6353 189
6354 190
6355 190
6356 190
6357 190
6358 181
6359 190
6360 190
6361 190
6362 190
6363 190
6364 190
6365 190
6366 189
6367 189
6368 189
6369 190
6370 189
6371 181
6372 189
6373 189
6374 189
6375 189
6376 189
6377 189
6378 189
6379 190
6380 189
6381 181
6382 189
6383 189
6384 189
6385 189
6386 189
6387 189
6388 189
6389 190
6390 190
6391 167
6392 190
6393 190
6394 190
6395 190
6396 190
6397 190
6398 190
6399 190
6400 169
6401 190
6402 190
6403 190
6404 190
6405 190
6406 167
6407 190
6408 190
6409 190
6410 190
6411 190
6412 190
6413 190
6414 190
6415 169
6416 190
6417 190
6418 190
6419 190
6420 190
6421 167
6422 190
6423 190
6424 190
6425 190
6426 190
6427 190
6428 190
6429 179
6430 190
6431 190
6432 169
6433 190
6434 190
6435 190
6436 190
6437 190
6438 167
6439 190
6440 190
6441 190
6442 190
6443 190
6444 190
6445 190
6446 179
6447 190
6448 190
6449 169
6450 190
6451 190
6452 190
6453 190
6454 196
6455 196
6456 196
6457 179
6458 196
6459 196
6460 172
6461 196
6462 168
6463 189
6464 189
6465 189
6466 189
6467 189
6468 193
6469 193
6470 196
6471 193
6472 181
6473 193
6474 193
6475 193
6476 193
6477 189
6478 193
6479 193
6480 196
6481 193
6482 181
6483 193
6484 193
6485 193
6486 193
6487 193
6488 193
6489 193
6490 189
6491 195
6492 195
6493 196
6494 195
6495 181
6496 195
6497 195
6498 195
6499 195
6500 189
6501 195
6502 195
6503 196
6504 195
6505 181
6506 195
6507 195
6508 195
6509 195
6510 195
6511 195
6512 195
6513 196
6514 191
6515 167
6516 191
6517 191
6518 191
6519 191
6520 191
6521 191
6522 196
6523 191
6524 169
6525 191
6526 191
6527 191
6528 196
6529 194
6530 167
6531 194
6532 194
6533 194
6534 194
6535 194
6536 194
6537 196
6538 194
6539 169
6540 194
6541 194
6542 194
6543 196
6544 179
6545 167
6546 179
6547 179
6548 179
6549 179
6550 179
6551 179
6552 196
6553 179
6554 179
6555 179
6556 169
6557 179
6558 179
6559 179
6560 196
6561 191
6562 167
6563 191
6564 191
6565 191
6566 191
6567 191
6568 191
6569 196
6570 179
6571 191
6572 191
6573 169
6574 191
6575 191
6576 191
6577 196
6578 196
6579 196
6580 196
6581 179
6582 196
6583 196
6584 172
6585 196
6586 168
6587 196
6588 196
6589 189
6590 189
6591 189
6592 189
6593 189
6594 196
6595 189
6596 181
6597 189
6598 189
6599 189
6600 189
6601 189
6602 189
6603 189
6604 196
6605 189
6606 181
6607 189
6608 189
6609 189
6610 189
6611 189
6612 189
6613 189
6614 189
6615 193
6616 193
6617 196
6618 193
6619 181
6620 193
6621 193
6622 193
6623 193
6624 189
6625 193
6626 193
6627 196
6628 193
6629 181
6630 193
6631 193
6632 193
6633 193
6634 193
6635 193
6636 193
6637 196
6638 196
6639 167
6640 196
6641 196
6642 196
6643 196
6644 196
6645 196
6646 196
6647 196
6648 169
6649 196
6650 196
6651 196
6652 196
6653 191
6654 167
6655 191
6656 191
6657 191
6658 191
6659 191
6660 191
6661 196
6662 191
6663 169
6664 191
6665 191
6666 191
6667 196
6668 191
6669 167
6670 191
6671 191
6672 191
6673 191
6674 191
6675 191
6676 196
6677 179
6678 191
6679 191
6680 169
6681 191
6682 191
6683 191
6684 196
6685 179
6686 167
6687 179
6688 179
6689 179
6690 179
6691 179
6692 179
6693 196
6694 179
6695 179
6696 179
6697 169
6698 179
6699 179
6700 179
6701 196
6702 196
6703 196
6704 196
6705 179
6706 196
6707 196
6708 172
6709 196
6710 168
6711 189
6712 189
6713 189
6714 189
6715 189
6716 189
6717 189
6718 196
6719 189
6720 181
6721 189
6722 189
6723 189
6724 189
6725 189
6726 189
6727 189
6728 196
6729 189
6730 181
6731 189
6732 189
6733 189
6734 189
6735 189
6736 189
6737 189
6738 189
6739 189
6740 189
6741 196
6742 189
6743 181
6744 189
6745 189
6746 189
6747 189
6748 189
6749 189
6750 189
6751 196
6752 189
6753 181
6754 189
6755 189
6756 189
6757 189
6758 189
6759 189
6760 189
6761 196
6762 194
6763 167
6764 194
6765 194
6766 194
6767 194
6768 194
6769 194
6770 196
6771 194
6772 169
6773 194
6774 194
6775 194
6776 196
6777 191
6778 167
6779 191
6780 191
6781 191
6782 191
6783 191
6784 191
6785 196
6786 191
6787 169
6788 191
6789 191
6790 191
6791 196
6792 183
6793 167
6794 183
6795 183
6796 183
6797 183
6798 183
6799 183
6800 196
6801 179
6802 183
6803 183
6804 169
6805 183
6806 183
6807 183
6808 196
6809 179
6810 167
6811 179
6812 179
6813 179
6814 179
6815 179
6816 179
6817 196
6818 179
6819 179
6820 179
6821 169
6822 179
6823 179
6824 179
6825 196
6826 196
6827 196
6828 196
6829 179
6830 196
6831 196
6832 172
6833 196
6834 168
6835 189
6836 189
6837 189
6838 189
6839 189
6840 189
6841 189
6842 196
6843 189
6844 181
6845 189
6846 189
6847 189
6848 189
6849 189
6850 183
6851 183
6852 196
6853 183
6854 181
6855 183
6856 183
6857 183
6858 183
6859 183
6860 183
6861 183
6862 189
6863 193
6864 193
6865 196
6866 193
6867 181
6868 193
6869 193
6870 193
6871 193
6872 189
6873 193
6874 193
6875 196
6876 193
6877 181
6878 193
6879 193
6880 193
6881 193
6882 193
6883 193
6884 193
6885 196
6886 183
6887 167
6888 183
6889 183
6890 183
6891 183
6892 183
6893 183
6894 196
6895 183
6896 169
6897 183
6898 183
6899 183
6900 196
6901 196
6902 167
6903 196
6904 196
6905 196
6906 196
6907 196
6908 196
6909 196
6910 196
6911 169
6912 196
6913 196
6914 196
6915 196
6916 183
6917 167
6918 183
6919 183
6920 183
6921 183
6922 183
6923 183
6924 196
6925 179
6926 183
6927 183
6928 169
6929 183
6930 183
6931 183
6932 196
6933 191
6934 167
6935 191
6936 191
6937 191
6938 191
6939 191
6940 191
6941 196
6942 179
6943 191
6944 191
6945 169
6946 191
6947 191
6948 191
6949 196
6950 196
6951 196
6952 196
6953 179
6954 196
6955 196
6956 5
6957 152
6958 75
6959 75
6960 168
6961 152
6962 168
6963 153
6964 199
6965 197
6966 168
6967 153
6968 197
6969 153
6970 168
6971 168
6972 168
6973 168
6974 168
6975 168
6976 153
6977 153
6978 153
6979 153
6980 153
6981 199
6982 199
6983 168
6984 168
6985 199
6986 199
6987 153
6988 199
6989 199
6990 199
6991 199
6992 199
6993 199
6994 153
6995 199
6996 199
6997 199
6998 199
6999 199
7000 199
7001 199
7002 199
7003 168
7004 199
7005 199
7006 199
7007 153
7008 199
7009 199
7010 199
7011 199
7012 199
7013 199
7014 153
7015 199
7016 199
7017 199
7018 199
7019 199
7020 199
7021 199
7022 199
7023 168
7024 168
7025 199
7026 199
7027 153
7028 199
7029 199
7030 199
7031 199
7032 199
7033 199
7034 153
7035 199
7036 199
7037 199
7038 199
7039 199
7040 199
7041 199
7042 199
7043 168
7044 199
7045 199
7046 199
7047 153
7048 199
7049 199
7050 199
7051 199
7052 199
7053 199
7054 153
7055 199
7056 199
7057 199
7058 199
7059 199
7060 199
7061 199
7062 199
7063 168
7064 168
7065 199
7066 199
7067 153
7068 199
7069 199
7070 199
7071 199
7072 199
7073 199
7074 153
7075 199
7076 199
7077 199
7078 199
7079 199
7080 199
7081 199
7082 199
7083 168
7084 168
7085 199
7086 200
7087 153
7088 200
7089 200
7090 200
7091 200
7092 199
7093 200
7094 153
7095 200
7096 200
7097 200
7098 200
7099 199
7100 199
7101 199
7102 199
7103 168
7104 199
7105 199
7106 199
7107 153
7108 199
7109 199
7110 199
7111 199
7112 199
7113 199
7114 153
7115 199
7116 199
7117 199
7118 199
7119 199
7120 200
7121 200
7122 200
7123 168
7124 200
7125 200
7126 200
7127 153
7128 200
7129 200
7130 200
7131 200
7132 200
7133 199
7134 153
7135 199
7136 199
7137 199
7138 199
7139 200
7140 200
7141 200
7142 200
7143 168
7144 200
7145 200
7146 199
7147 153
7148 199
7149 199
7150 199
7151 199
7152 200
7153 199
7154 153
7155 199
7156 199
7157 199
7158 199
7159 200
7160 200
7161 200
7162 200
7163 168
7164 168
7165 200
7166 200
7167 153
7168 200
7169 200
7170 200
7171 200
7172 200
7173 200
7174 153
7175 200
7176 200
7177 200
7178 200
7179 200
7180 200
7181 200
7182 200
7183 168
7184 168
7185 200
7186 200
7187 153
7188 200
7189 200
7190 200
7191 200
7192 200
7193 200
7194 153
7195 200
7196 200
7197 200
7198 200
7199 200
7200 200
7201 200
7202 200
7203 168
7204 200
7205 200
7206 200
7207 153
7208 200
7209 200
7210 200
7211 200
7212 200
7213 200
7214 153
7215 200
7216 200
7217 200
7218 200
7219 200
7220 200
7221 200
7222 200
7223 168
7224 168
7225 200
7226 200
7227 153
7228 200
7229 200
7230 200
7231 200
7232 200
7233 200
7234 153
7235 200
7236 200
7237 200
7238 200
7239 200
7240 200
7241 200
7242 200
7243 168
7244 168
7245 200
7246 200
7247 153
7248 200
7249 200
7250 200
7251 200
7252 200
7253 200
7254 153
7255 200
7256 200
7257 200
7258 200
7259 200
7260 200
7261 200
7262 200
7263 168
7264 200
7265 200
7266 200
7267 153
7268 200
7269 200
7270 200
7271 200
7272 200
7273 200
7274 153
7275 200
7276 200
7277 200
7278 200
7279 200
7280 200
7281 200
7282 200
7283 168
7284 168
7285 197
7286 196
7287 6
7288 106
7289 106
7290 106
7291 24
7292 24
7293 24
7294 75
7295 75
7296 75
7297 153
7298 153
7299 153
